(kicad_pcb (version 20171130) (host pcbnew 5.1.9)

  (general
    (thickness 1.6)
    (drawings 16)
    (tracks 62)
    (zones 0)
    (modules 25)
    (nets 14)
  )

  (page A4)
  (layers
    (0 F.Cu signal)
    (31 B.Cu signal)
    (32 B.Adhes user)
    (33 F.Adhes user)
    (34 B.Paste user)
    (35 F.Paste user)
    (36 B.SilkS user)
    (37 F.SilkS user)
    (38 B.Mask user)
    (39 F.Mask user)
    (40 Dwgs.User user)
    (41 Cmts.User user)
    (42 Eco1.User user)
    (43 Eco2.User user)
    (44 Edge.Cuts user)
    (45 Margin user)
    (46 B.CrtYd user)
    (47 F.CrtYd user)
    (48 B.Fab user)
    (49 F.Fab user)
  )

  (setup
    (last_trace_width 0.5)
    (user_trace_width 0.3)
    (user_trace_width 0.5)
    (user_trace_width 1)
    (user_trace_width 1.5)
    (trace_clearance 0.2)
    (zone_clearance 0.508)
    (zone_45_only no)
    (trace_min 0.2)
    (via_size 0.8)
    (via_drill 0.4)
    (via_min_size 0.4)
    (via_min_drill 0.3)
    (uvia_size 0.3)
    (uvia_drill 0.1)
    (uvias_allowed no)
    (uvia_min_size 0.2)
    (uvia_min_drill 0.1)
    (edge_width 0.05)
    (segment_width 0.2)
    (pcb_text_width 0.3)
    (pcb_text_size 1.5 1.5)
    (mod_edge_width 0.12)
    (mod_text_size 1 1)
    (mod_text_width 0.15)
    (pad_size 1.524 1.524)
    (pad_drill 0.762)
    (pad_to_mask_clearance 0)
    (aux_axis_origin 0 0)
    (visible_elements FFFFFF7F)
    (pcbplotparams
      (layerselection 0x010fc_ffffffff)
      (usegerberextensions false)
      (usegerberattributes true)
      (usegerberadvancedattributes true)
      (creategerberjobfile true)
      (excludeedgelayer true)
      (linewidth 0.100000)
      (plotframeref false)
      (viasonmask false)
      (mode 1)
      (useauxorigin false)
      (hpglpennumber 1)
      (hpglpenspeed 20)
      (hpglpendiameter 15.000000)
      (psnegative false)
      (psa4output false)
      (plotreference true)
      (plotvalue true)
      (plotinvisibletext false)
      (padsonsilk false)
      (subtractmaskfromsilk false)
      (outputformat 1)
      (mirror false)
      (drillshape 1)
      (scaleselection 1)
      (outputdirectory ""))
  )

  (net 0 "")
  (net 1 VCC)
  (net 2 GND)
  (net 3 "Net-(D1-Pad2)")
  (net 4 "Net-(D2-Pad1)")
  (net 5 "Net-(D2-Pad2)")
  (net 6 "Net-(J1-Pad1)")
  (net 7 "Net-(J3-Pad1)")
  (net 8 "Net-(J5-Pad1)")
  (net 9 "Net-(R1-Pad2)")
  (net 10 "Net-(R2-Pad1)")
  (net 11 "Net-(R3-Pad1)")
  (net 12 "Net-(R6-Pad2)")
  (net 13 "Net-(R8-Pad1)")

  (net_class Default "This is the default net class."
    (clearance 0.2)
    (trace_width 0.25)
    (via_dia 0.8)
    (via_drill 0.4)
    (uvia_dia 0.3)
    (uvia_drill 0.1)
    (add_net GND)
    (add_net "Net-(D1-Pad2)")
    (add_net "Net-(D2-Pad1)")
    (add_net "Net-(D2-Pad2)")
    (add_net "Net-(J1-Pad1)")
    (add_net "Net-(J3-Pad1)")
    (add_net "Net-(J5-Pad1)")
    (add_net "Net-(R1-Pad2)")
    (add_net "Net-(R2-Pad1)")
    (add_net "Net-(R3-Pad1)")
    (add_net "Net-(R6-Pad2)")
    (add_net "Net-(R8-Pad1)")
    (add_net VCC)
  )

  (module Resistor_THT:R_Axial_DIN0207_L6.3mm_D2.5mm_P10.16mm_Horizontal (layer F.Cu) (tedit 5AE5139B) (tstamp 5FFE9705)
    (at 119.3 105.9 180)
    (descr "Resistor, Axial_DIN0207 series, Axial, Horizontal, pin pitch=10.16mm, 0.25W = 1/4W, length*diameter=6.3*2.5mm^2, http://cdn-reichelt.de/documents/datenblatt/B400/1_4W%23YAG.pdf")
    (tags "Resistor Axial_DIN0207 series Axial Horizontal pin pitch 10.16mm 0.25W = 1/4W length 6.3mm diameter 2.5mm")
    (path /5FFF27F8)
    (fp_text reference R8 (at 5.08 -2.37) (layer F.SilkS)
      (effects (font (size 1 1) (thickness 0.15)))
    )
    (fp_text value 0 (at 5.08 2.37) (layer F.Fab)
      (effects (font (size 1 1) (thickness 0.15)))
    )
    (fp_text user %R (at 5.08 0) (layer F.Fab)
      (effects (font (size 1 1) (thickness 0.15)))
    )
    (fp_line (start 1.93 -1.25) (end 1.93 1.25) (layer F.Fab) (width 0.1))
    (fp_line (start 1.93 1.25) (end 8.23 1.25) (layer F.Fab) (width 0.1))
    (fp_line (start 8.23 1.25) (end 8.23 -1.25) (layer F.Fab) (width 0.1))
    (fp_line (start 8.23 -1.25) (end 1.93 -1.25) (layer F.Fab) (width 0.1))
    (fp_line (start 0 0) (end 1.93 0) (layer F.Fab) (width 0.1))
    (fp_line (start 10.16 0) (end 8.23 0) (layer F.Fab) (width 0.1))
    (fp_line (start 1.81 -1.37) (end 1.81 1.37) (layer F.SilkS) (width 0.12))
    (fp_line (start 1.81 1.37) (end 8.35 1.37) (layer F.SilkS) (width 0.12))
    (fp_line (start 8.35 1.37) (end 8.35 -1.37) (layer F.SilkS) (width 0.12))
    (fp_line (start 8.35 -1.37) (end 1.81 -1.37) (layer F.SilkS) (width 0.12))
    (fp_line (start 1.04 0) (end 1.81 0) (layer F.SilkS) (width 0.12))
    (fp_line (start 9.12 0) (end 8.35 0) (layer F.SilkS) (width 0.12))
    (fp_line (start -1.05 -1.5) (end -1.05 1.5) (layer F.CrtYd) (width 0.05))
    (fp_line (start -1.05 1.5) (end 11.21 1.5) (layer F.CrtYd) (width 0.05))
    (fp_line (start 11.21 1.5) (end 11.21 -1.5) (layer F.CrtYd) (width 0.05))
    (fp_line (start 11.21 -1.5) (end -1.05 -1.5) (layer F.CrtYd) (width 0.05))
    (pad 2 thru_hole oval (at 10.16 0 180) (size 1.6 1.6) (drill 0.8) (layers *.Cu *.Mask)
      (net 7 "Net-(J3-Pad1)"))
    (pad 1 thru_hole circle (at 0 0 180) (size 1.6 1.6) (drill 0.8) (layers *.Cu *.Mask)
      (net 13 "Net-(R8-Pad1)"))
    (model ${KISYS3DMOD}/Resistor_THT.3dshapes/R_Axial_DIN0207_L6.3mm_D2.5mm_P10.16mm_Horizontal.wrl
      (at (xyz 0 0 0))
      (scale (xyz 1 1 1))
      (rotate (xyz 0 0 0))
    )
  )

  (module pl_DalePR:RH-10 (layer F.Cu) (tedit 5FFE237A) (tstamp 5FFE838B)
    (at 113.075 119.6 180)
    (path /5FFCE403)
    (fp_text reference R4 (at 0 0.5) (layer F.SilkS)
      (effects (font (size 1 1) (thickness 0.15)))
    )
    (fp_text value Rs (at 0 -0.5) (layer F.Fab)
      (effects (font (size 1 1) (thickness 0.15)))
    )
    (fp_line (start -9.5 5.75) (end 9.5 5.75) (layer F.CrtYd) (width 0.12))
    (fp_line (start 9.5 5.75) (end 9.5 -4.5) (layer F.CrtYd) (width 0.12))
    (fp_line (start 9.5 -4.5) (end -9.5 -4.5) (layer F.CrtYd) (width 0.12))
    (fp_line (start -9.5 -4.5) (end -9.5 5.75) (layer F.CrtYd) (width 0.12))
    (pad 2 smd rect (at 14.75 0 180) (size 6 4) (layers F.Cu F.Paste F.Mask)
      (net 7 "Net-(J3-Pad1)"))
    (pad 1 smd rect (at -14.75 0 180) (size 6 4) (layers F.Cu F.Paste F.Mask)
      (net 2 GND))
    (model ${KIPRJMOD}/3d_models/pl_DalePR.3dshapes/RH-NH010.step
      (at (xyz 0 0 0))
      (scale (xyz 1 1 1))
      (rotate (xyz 0 0 0))
    )
  )

  (module MountingHole:MountingHole_3.2mm_M3 (layer F.Cu) (tedit 56D1B4CB) (tstamp 5FFC07BB)
    (at 142.15 109.8)
    (descr "Mounting Hole 3.2mm, no annular, M3")
    (tags "mounting hole 3.2mm no annular m3")
    (path /60222CEF)
    (attr virtual)
    (fp_text reference H4 (at 0 -4.2) (layer F.SilkS) hide
      (effects (font (size 1 1) (thickness 0.15)))
    )
    (fp_text value MountingHole (at 0 4.2) (layer F.Fab)
      (effects (font (size 1 1) (thickness 0.15)))
    )
    (fp_circle (center 0 0) (end 3.45 0) (layer F.CrtYd) (width 0.05))
    (fp_circle (center 0 0) (end 3.2 0) (layer Cmts.User) (width 0.15))
    (fp_text user %R (at 0.3 0) (layer F.Fab)
      (effects (font (size 1 1) (thickness 0.15)))
    )
    (pad 1 np_thru_hole circle (at 0 0) (size 3.2 3.2) (drill 3.2) (layers *.Cu *.Mask))
  )

  (module MountingHole:MountingHole_3.2mm_M3 (layer F.Cu) (tedit 56D1B4CB) (tstamp 5FFC0380)
    (at 142.15 82)
    (descr "Mounting Hole 3.2mm, no annular, M3")
    (tags "mounting hole 3.2mm no annular m3")
    (path /60221DA9)
    (attr virtual)
    (fp_text reference H3 (at 0 -4.2) (layer F.SilkS) hide
      (effects (font (size 1 1) (thickness 0.15)))
    )
    (fp_text value MountingHole (at 0 4.2) (layer F.Fab)
      (effects (font (size 1 1) (thickness 0.15)))
    )
    (fp_circle (center 0 0) (end 3.45 0) (layer F.CrtYd) (width 0.05))
    (fp_circle (center 0 0) (end 3.2 0) (layer Cmts.User) (width 0.15))
    (fp_text user %R (at 0.3 0) (layer F.Fab)
      (effects (font (size 1 1) (thickness 0.15)))
    )
    (pad 1 np_thru_hole circle (at 0 0) (size 3.2 3.2) (drill 3.2) (layers *.Cu *.Mask))
  )

  (module MountingHole:MountingHole_3.2mm_M3 (layer F.Cu) (tedit 56D1B4CB) (tstamp 5FFC0833)
    (at 84 109.8)
    (descr "Mounting Hole 3.2mm, no annular, M3")
    (tags "mounting hole 3.2mm no annular m3")
    (path /602225A1)
    (attr virtual)
    (fp_text reference H2 (at 0 -4.2) (layer F.SilkS) hide
      (effects (font (size 1 1) (thickness 0.15)))
    )
    (fp_text value MountingHole (at 0 4.2) (layer F.Fab)
      (effects (font (size 1 1) (thickness 0.15)))
    )
    (fp_circle (center 0 0) (end 3.45 0) (layer F.CrtYd) (width 0.05))
    (fp_circle (center 0 0) (end 3.2 0) (layer Cmts.User) (width 0.15))
    (fp_text user %R (at 0.3 0) (layer F.Fab)
      (effects (font (size 1 1) (thickness 0.15)))
    )
    (pad 1 np_thru_hole circle (at 0 0) (size 3.2 3.2) (drill 3.2) (layers *.Cu *.Mask))
  )

  (module MountingHole:MountingHole_3.2mm_M3 (layer F.Cu) (tedit 56D1B4CB) (tstamp 5FFC0370)
    (at 84 82)
    (descr "Mounting Hole 3.2mm, no annular, M3")
    (tags "mounting hole 3.2mm no annular m3")
    (path /6022130F)
    (attr virtual)
    (fp_text reference H1 (at 0 -4.2) (layer F.SilkS) hide
      (effects (font (size 1 1) (thickness 0.15)))
    )
    (fp_text value MountingHole (at 0 4.2) (layer F.Fab)
      (effects (font (size 1 1) (thickness 0.15)))
    )
    (fp_circle (center 0 0) (end 3.45 0) (layer F.CrtYd) (width 0.05))
    (fp_circle (center 0 0) (end 3.2 0) (layer Cmts.User) (width 0.15))
    (fp_text user %R (at 0.3 0) (layer F.Fab)
      (effects (font (size 1 1) (thickness 0.15)))
    )
    (pad 1 np_thru_hole circle (at 0 0) (size 3.2 3.2) (drill 3.2) (layers *.Cu *.Mask))
  )

  (module LED_THT:LED_D3.0mm (layer B.Cu) (tedit 587A3A7B) (tstamp 5FFC08C9)
    (at 92.2 88.7 90)
    (descr "LED, diameter 3.0mm, 2 pins")
    (tags "LED diameter 3.0mm 2 pins")
    (path /6006D600)
    (fp_text reference D2 (at 1.27 2.96 90) (layer B.SilkS)
      (effects (font (size 1 1) (thickness 0.15)) (justify mirror))
    )
    (fp_text value LED (at 1.27 -2.96 90) (layer B.Fab)
      (effects (font (size 1 1) (thickness 0.15)) (justify mirror))
    )
    (fp_line (start 3.7 2.25) (end -1.15 2.25) (layer B.CrtYd) (width 0.05))
    (fp_line (start 3.7 -2.25) (end 3.7 2.25) (layer B.CrtYd) (width 0.05))
    (fp_line (start -1.15 -2.25) (end 3.7 -2.25) (layer B.CrtYd) (width 0.05))
    (fp_line (start -1.15 2.25) (end -1.15 -2.25) (layer B.CrtYd) (width 0.05))
    (fp_line (start -0.29 -1.08) (end -0.29 -1.236) (layer B.SilkS) (width 0.12))
    (fp_line (start -0.29 1.236) (end -0.29 1.08) (layer B.SilkS) (width 0.12))
    (fp_line (start -0.23 1.16619) (end -0.23 -1.16619) (layer B.Fab) (width 0.1))
    (fp_circle (center 1.27 0) (end 2.77 0) (layer B.Fab) (width 0.1))
    (fp_arc (start 1.27 0) (end 0.229039 -1.08) (angle 87.9) (layer B.SilkS) (width 0.12))
    (fp_arc (start 1.27 0) (end 0.229039 1.08) (angle -87.9) (layer B.SilkS) (width 0.12))
    (fp_arc (start 1.27 0) (end -0.29 -1.235516) (angle 108.8) (layer B.SilkS) (width 0.12))
    (fp_arc (start 1.27 0) (end -0.29 1.235516) (angle -108.8) (layer B.SilkS) (width 0.12))
    (fp_arc (start 1.27 0) (end -0.23 1.16619) (angle -284.3) (layer B.Fab) (width 0.1))
    (pad 2 thru_hole circle (at 2.54 0 90) (size 1.8 1.8) (drill 0.9) (layers *.Cu *.Mask)
      (net 5 "Net-(D2-Pad2)"))
    (pad 1 thru_hole rect (at 0 0 90) (size 1.8 1.8) (drill 0.9) (layers *.Cu *.Mask)
      (net 4 "Net-(D2-Pad1)"))
    (model ${KISYS3DMOD}/LED_THT.3dshapes/LED_D3.0mm.wrl
      (at (xyz 0 0 0))
      (scale (xyz 1 1 1))
      (rotate (xyz 0 0 0))
    )
  )

  (module Package_TO_SOT_THT:TO-220-3_Horizontal_TabUp (layer B.Cu) (tedit 5AC8BA0D) (tstamp 5FFBE60A)
    (at 105.45 81.2 270)
    (descr "TO-220-3, Horizontal, RM 2.54mm, see https://www.vishay.com/docs/66542/to-220-1.pdf")
    (tags "TO-220-3 Horizontal RM 2.54mm")
    (path /600F64F0)
    (fp_text reference Q1 (at 2.54 -20.58 270) (layer B.SilkS)
      (effects (font (size 1 1) (thickness 0.15)) (justify mirror))
    )
    (fp_text value MTP2P50E (at 2.54 2 270) (layer B.Fab)
      (effects (font (size 1 1) (thickness 0.15)) (justify mirror))
    )
    (fp_line (start 7.79 1.25) (end -2.71 1.25) (layer B.CrtYd) (width 0.05))
    (fp_line (start 7.79 -19.71) (end 7.79 1.25) (layer B.CrtYd) (width 0.05))
    (fp_line (start -2.71 -19.71) (end 7.79 -19.71) (layer B.CrtYd) (width 0.05))
    (fp_line (start -2.71 1.25) (end -2.71 -19.71) (layer B.CrtYd) (width 0.05))
    (fp_line (start 5.08 -1.15) (end 5.08 -3.69) (layer B.SilkS) (width 0.12))
    (fp_line (start 2.54 -1.15) (end 2.54 -3.69) (layer B.SilkS) (width 0.12))
    (fp_line (start 0 -1.15) (end 0 -3.69) (layer B.SilkS) (width 0.12))
    (fp_line (start 7.66 -18.22) (end 7.66 -19.42) (layer B.SilkS) (width 0.12))
    (fp_line (start 7.66 -15.82) (end 7.66 -17.02) (layer B.SilkS) (width 0.12))
    (fp_line (start 7.66 -13.42) (end 7.66 -14.62) (layer B.SilkS) (width 0.12))
    (fp_line (start -2.58 -18.22) (end -2.58 -19.42) (layer B.SilkS) (width 0.12))
    (fp_line (start -2.58 -15.82) (end -2.58 -17.02) (layer B.SilkS) (width 0.12))
    (fp_line (start -2.58 -13.42) (end -2.58 -14.62) (layer B.SilkS) (width 0.12))
    (fp_line (start 7.02 -19.58) (end 7.66 -19.58) (layer B.SilkS) (width 0.12))
    (fp_line (start 4.62 -19.58) (end 5.82 -19.58) (layer B.SilkS) (width 0.12))
    (fp_line (start 2.22 -19.58) (end 3.42 -19.58) (layer B.SilkS) (width 0.12))
    (fp_line (start -0.181 -19.58) (end 1.02 -19.58) (layer B.SilkS) (width 0.12))
    (fp_line (start -2.58 -19.58) (end -1.38 -19.58) (layer B.SilkS) (width 0.12))
    (fp_line (start 7.66 -3.69) (end 7.66 -13.18) (layer B.SilkS) (width 0.12))
    (fp_line (start -2.58 -3.69) (end -2.58 -13.18) (layer B.SilkS) (width 0.12))
    (fp_line (start -2.58 -13.18) (end 7.66 -13.18) (layer B.SilkS) (width 0.12))
    (fp_line (start -2.58 -3.69) (end 7.66 -3.69) (layer B.SilkS) (width 0.12))
    (fp_line (start 5.08 -3.81) (end 5.08 0) (layer B.Fab) (width 0.1))
    (fp_line (start 2.54 -3.81) (end 2.54 0) (layer B.Fab) (width 0.1))
    (fp_line (start 0 -3.81) (end 0 0) (layer B.Fab) (width 0.1))
    (fp_line (start 7.54 -3.81) (end -2.46 -3.81) (layer B.Fab) (width 0.1))
    (fp_line (start 7.54 -13.06) (end 7.54 -3.81) (layer B.Fab) (width 0.1))
    (fp_line (start -2.46 -13.06) (end 7.54 -13.06) (layer B.Fab) (width 0.1))
    (fp_line (start -2.46 -3.81) (end -2.46 -13.06) (layer B.Fab) (width 0.1))
    (fp_line (start 7.54 -13.06) (end -2.46 -13.06) (layer B.Fab) (width 0.1))
    (fp_line (start 7.54 -19.46) (end 7.54 -13.06) (layer B.Fab) (width 0.1))
    (fp_line (start -2.46 -19.46) (end 7.54 -19.46) (layer B.Fab) (width 0.1))
    (fp_line (start -2.46 -13.06) (end -2.46 -19.46) (layer B.Fab) (width 0.1))
    (fp_circle (center 2.54 -16.66) (end 4.39 -16.66) (layer B.Fab) (width 0.1))
    (fp_text user %R (at 2.54 -20.58 270) (layer B.Fab)
      (effects (font (size 1 1) (thickness 0.15)) (justify mirror))
    )
    (pad 3 thru_hole oval (at 5.08 0 270) (size 1.905 2) (drill 1.1) (layers *.Cu *.Mask)
      (net 1 VCC))
    (pad 2 thru_hole oval (at 2.54 0 270) (size 1.905 2) (drill 1.1) (layers *.Cu *.Mask)
      (net 6 "Net-(J1-Pad1)"))
    (pad 1 thru_hole rect (at 0 0 270) (size 1.905 2) (drill 1.1) (layers *.Cu *.Mask)
      (net 3 "Net-(D1-Pad2)"))
    (pad "" np_thru_hole oval (at 2.54 -16.66 270) (size 3.5 3.5) (drill 3.5) (layers *.Cu *.Mask))
    (model ${KISYS3DMOD}/Package_TO_SOT_THT.3dshapes/TO-220-3_Horizontal_TabUp.wrl
      (at (xyz 0 0 0))
      (scale (xyz 1 1 1))
      (rotate (xyz 0 0 0))
    )
  )

  (module Capacitor_SMD:C_0805_2012Metric_Pad1.18x1.45mm_HandSolder (layer F.Cu) (tedit 5F68FEEF) (tstamp 5FFE9057)
    (at 111.3 89.9)
    (descr "Capacitor SMD 0805 (2012 Metric), square (rectangular) end terminal, IPC_7351 nominal with elongated pad for handsoldering. (Body size source: IPC-SM-782 page 76, https://www.pcb-3d.com/wordpress/wp-content/uploads/ipc-sm-782a_amendment_1_and_2.pdf, https://docs.google.com/spreadsheets/d/1BsfQQcO9C6DZCsRaXUlFlo91Tg2WpOkGARC1WS5S8t0/edit?usp=sharing), generated with kicad-footprint-generator")
    (tags "capacitor handsolder")
    (path /6000C37C)
    (attr smd)
    (fp_text reference C1 (at 0 -1.68) (layer F.SilkS)
      (effects (font (size 1 1) (thickness 0.15)))
    )
    (fp_text value 10nF (at 0 1.68) (layer F.Fab)
      (effects (font (size 1 1) (thickness 0.15)))
    )
    (fp_line (start -1 0.625) (end -1 -0.625) (layer F.Fab) (width 0.1))
    (fp_line (start -1 -0.625) (end 1 -0.625) (layer F.Fab) (width 0.1))
    (fp_line (start 1 -0.625) (end 1 0.625) (layer F.Fab) (width 0.1))
    (fp_line (start 1 0.625) (end -1 0.625) (layer F.Fab) (width 0.1))
    (fp_line (start -0.261252 -0.735) (end 0.261252 -0.735) (layer F.SilkS) (width 0.12))
    (fp_line (start -0.261252 0.735) (end 0.261252 0.735) (layer F.SilkS) (width 0.12))
    (fp_line (start -1.88 0.98) (end -1.88 -0.98) (layer F.CrtYd) (width 0.05))
    (fp_line (start -1.88 -0.98) (end 1.88 -0.98) (layer F.CrtYd) (width 0.05))
    (fp_line (start 1.88 -0.98) (end 1.88 0.98) (layer F.CrtYd) (width 0.05))
    (fp_line (start 1.88 0.98) (end -1.88 0.98) (layer F.CrtYd) (width 0.05))
    (fp_text user %R (at 0 0) (layer F.Fab)
      (effects (font (size 0.5 0.5) (thickness 0.08)))
    )
    (pad 1 smd roundrect (at -1.0375 0) (size 1.175 1.45) (layers F.Cu F.Paste F.Mask) (roundrect_rratio 0.212766)
      (net 1 VCC))
    (pad 2 smd roundrect (at 1.0375 0) (size 1.175 1.45) (layers F.Cu F.Paste F.Mask) (roundrect_rratio 0.212766)
      (net 2 GND))
    (model ${KISYS3DMOD}/Capacitor_SMD.3dshapes/C_0805_2012Metric.wrl
      (at (xyz 0 0 0))
      (scale (xyz 1 1 1))
      (rotate (xyz 0 0 0))
    )
  )

  (module pl_Nexperia:Nexperia_BZV55_SOD80C (layer F.Cu) (tedit 5C8FCE94) (tstamp 5FFBAB5C)
    (at 102.1 84.65 90)
    (path /6010E419)
    (fp_text reference D1 (at 0 -1.8 90) (layer F.SilkS)
      (effects (font (size 1 1) (thickness 0.15)))
    )
    (fp_text value D_Zener (at 0 1.9 90) (layer F.Fab)
      (effects (font (size 0.5 0.5) (thickness 0.125)))
    )
    (fp_line (start 0 -1.1) (end -2.4 -1.1) (layer F.SilkS) (width 0.25))
    (fp_line (start -2.4 -1.1) (end -2.4 1.1) (layer F.SilkS) (width 0.25))
    (fp_line (start -2.4 1.1) (end 0 1.1) (layer F.SilkS) (width 0.25))
    (fp_line (start 0.4 0) (end 1.1 0) (layer F.Fab) (width 0.1))
    (fp_line (start -0.3 0) (end -1.1 0) (layer F.Fab) (width 0.1))
    (fp_line (start -0.3 0.5) (end -0.3 -0.5) (layer F.Fab) (width 0.1))
    (fp_line (start 0.4 0.3) (end 0.4 -0.3) (layer F.Fab) (width 0.1))
    (fp_line (start 0.4 -0.3) (end -0.3 0) (layer F.Fab) (width 0.1))
    (fp_line (start -0.3 0) (end 0.4 0.3) (layer F.Fab) (width 0.1))
    (fp_line (start -1.85 -0.8) (end 1.85 -0.8) (layer F.Fab) (width 0.1))
    (fp_line (start 1.85 -0.8) (end 1.85 0.8) (layer F.Fab) (width 0.1))
    (fp_line (start 1.85 0.8) (end -1.85 0.8) (layer F.Fab) (width 0.1))
    (fp_line (start -1.85 0.8) (end -1.85 -0.8) (layer F.Fab) (width 0.1))
    (fp_line (start -2.275 -1.125) (end 2.275 -1.125) (layer F.CrtYd) (width 0.1))
    (fp_line (start 2.275 -1.125) (end 2.275 1.125) (layer F.CrtYd) (width 0.1))
    (fp_line (start 2.275 1.125) (end -2.275 1.125) (layer F.CrtYd) (width 0.1))
    (fp_line (start -2.275 1.125) (end -2.275 -1.125) (layer F.CrtYd) (width 0.1))
    (pad 1 smd rect (at -1.65 0 90) (size 1 1.7) (layers F.Cu F.Paste F.Mask)
      (net 1 VCC) (solder_paste_margin -0.05))
    (pad 2 smd rect (at 1.65 0 90) (size 1 1.7) (layers F.Cu F.Paste F.Mask)
      (net 3 "Net-(D1-Pad2)") (solder_paste_margin -0.05))
    (model ${KIPRJMOD}/3d_models/pl_Nexperia.3dshapes/D_SOD-80C.step
      (at (xyz 0 0 0))
      (scale (xyz 1 1 1))
      (rotate (xyz 0 0 0))
    )
  )

  (module pl_Banana:banana_edge_mount (layer F.Cu) (tedit 5FDBAFFC) (tstamp 5FFBAB97)
    (at 84.5 73.6)
    (path /5FFE77A4)
    (fp_text reference J1 (at 0 4.445) (layer F.SilkS)
      (effects (font (size 1 1) (thickness 0.15)))
    )
    (fp_text value +Vcc (at 0 -10.16) (layer F.Fab)
      (effects (font (size 1 1) (thickness 0.15)))
    )
    (fp_line (start -4.445 -3.81) (end 4.445 -3.81) (layer Dwgs.User) (width 0.12))
    (fp_line (start 4.445 -3.81) (end 4.445 -15.875) (layer Dwgs.User) (width 0.12))
    (fp_line (start 4.445 -15.875) (end -4.445 -15.875) (layer Dwgs.User) (width 0.12))
    (fp_line (start -4.445 -15.875) (end -4.445 -3.81) (layer Dwgs.User) (width 0.12))
    (fp_line (start -5.715 -15.875) (end 5.715 -15.875) (layer Dwgs.User) (width 0.12))
    (fp_line (start 5.715 -15.875) (end 5.715 -20.32) (layer Dwgs.User) (width 0.12))
    (fp_line (start 5.08 -20.955) (end -5.08 -20.955) (layer Dwgs.User) (width 0.12))
    (fp_line (start -5.715 -20.32) (end -5.715 -15.875) (layer Dwgs.User) (width 0.12))
    (fp_line (start -4.318 -3.556) (end 4.318 -3.556) (layer Dwgs.User) (width 0.12))
    (fp_arc (start -5.08 -20.32) (end -5.08 -20.955) (angle -90) (layer Dwgs.User) (width 0.12))
    (fp_arc (start 5.08 -20.32) (end 5.715 -20.32) (angle -90) (layer Dwgs.User) (width 0.12))
    (fp_text user "PCB EDGE" (at 0 -4.2164) (layer Dwgs.User)
      (effects (font (size 1 1) (thickness 0.15)))
    )
    (pad 1 smd rect (at 0 0) (size 5 7) (layers F.Cu F.Paste F.Mask)
      (net 6 "Net-(J1-Pad1)"))
    (model ${KIPRJMOD}/lib_fp/pl_Banana.pretty/banana_edge_mount.kicad_mod
      (at (xyz 0 0 0))
      (scale (xyz 1 1 1))
      (rotate (xyz 0 0 0))
    )
    (model ${KIPRJMOD}/3d_models/pl_Banana.3dshapes/banana_edge_mount.step
      (at (xyz 0 0 0))
      (scale (xyz 1 1 1))
      (rotate (xyz 0 0 0))
    )
  )

  (module pl_Banana:banana_edge_mount (layer F.Cu) (tedit 5FDBAFFC) (tstamp 5FFBB513)
    (at 103.55 73.6)
    (path /5FFE7D88)
    (fp_text reference J2 (at 0 4.445) (layer F.SilkS)
      (effects (font (size 1 1) (thickness 0.15)))
    )
    (fp_text value GND (at 0 -10.16) (layer F.Fab)
      (effects (font (size 1 1) (thickness 0.15)))
    )
    (fp_line (start -4.318 -3.556) (end 4.318 -3.556) (layer Dwgs.User) (width 0.12))
    (fp_line (start -5.715 -20.32) (end -5.715 -15.875) (layer Dwgs.User) (width 0.12))
    (fp_line (start 5.08 -20.955) (end -5.08 -20.955) (layer Dwgs.User) (width 0.12))
    (fp_line (start 5.715 -15.875) (end 5.715 -20.32) (layer Dwgs.User) (width 0.12))
    (fp_line (start -5.715 -15.875) (end 5.715 -15.875) (layer Dwgs.User) (width 0.12))
    (fp_line (start -4.445 -15.875) (end -4.445 -3.81) (layer Dwgs.User) (width 0.12))
    (fp_line (start 4.445 -15.875) (end -4.445 -15.875) (layer Dwgs.User) (width 0.12))
    (fp_line (start 4.445 -3.81) (end 4.445 -15.875) (layer Dwgs.User) (width 0.12))
    (fp_line (start -4.445 -3.81) (end 4.445 -3.81) (layer Dwgs.User) (width 0.12))
    (fp_text user "PCB EDGE" (at 0 -4.2164) (layer Dwgs.User)
      (effects (font (size 1 1) (thickness 0.15)))
    )
    (fp_arc (start 5.08 -20.32) (end 5.715 -20.32) (angle -90) (layer Dwgs.User) (width 0.12))
    (fp_arc (start -5.08 -20.32) (end -5.08 -20.955) (angle -90) (layer Dwgs.User) (width 0.12))
    (pad 1 smd rect (at 0 0) (size 5 7) (layers F.Cu F.Paste F.Mask)
      (net 2 GND))
    (model ${KIPRJMOD}/lib_fp/pl_Banana.pretty/banana_edge_mount.kicad_mod
      (at (xyz 0 0 0))
      (scale (xyz 1 1 1))
      (rotate (xyz 0 0 0))
    )
    (model ${KIPRJMOD}/3d_models/pl_Banana.3dshapes/banana_edge_mount.step
      (at (xyz 0 0 0))
      (scale (xyz 1 1 1))
      (rotate (xyz 0 0 0))
    )
  )

  (module pl_Banana:banana_edge_mount (layer F.Cu) (tedit 5FDBAFFC) (tstamp 5FFC0809)
    (at 84.5 118.2 180)
    (path /5FFE27DF)
    (fp_text reference J3 (at 0 4.445) (layer F.SilkS)
      (effects (font (size 1 1) (thickness 0.15)))
    )
    (fp_text value +LOAD (at 0 -10.16) (layer F.Fab)
      (effects (font (size 1 1) (thickness 0.15)))
    )
    (fp_line (start -4.445 -3.81) (end 4.445 -3.81) (layer Dwgs.User) (width 0.12))
    (fp_line (start 4.445 -3.81) (end 4.445 -15.875) (layer Dwgs.User) (width 0.12))
    (fp_line (start 4.445 -15.875) (end -4.445 -15.875) (layer Dwgs.User) (width 0.12))
    (fp_line (start -4.445 -15.875) (end -4.445 -3.81) (layer Dwgs.User) (width 0.12))
    (fp_line (start -5.715 -15.875) (end 5.715 -15.875) (layer Dwgs.User) (width 0.12))
    (fp_line (start 5.715 -15.875) (end 5.715 -20.32) (layer Dwgs.User) (width 0.12))
    (fp_line (start 5.08 -20.955) (end -5.08 -20.955) (layer Dwgs.User) (width 0.12))
    (fp_line (start -5.715 -20.32) (end -5.715 -15.875) (layer Dwgs.User) (width 0.12))
    (fp_line (start -4.318 -3.556) (end 4.318 -3.556) (layer Dwgs.User) (width 0.12))
    (fp_arc (start -5.08 -20.32) (end -5.08 -20.955) (angle -90) (layer Dwgs.User) (width 0.12))
    (fp_arc (start 5.08 -20.32) (end 5.715 -20.32) (angle -90) (layer Dwgs.User) (width 0.12))
    (fp_text user "PCB EDGE" (at 0 -4.2164) (layer Dwgs.User)
      (effects (font (size 1 1) (thickness 0.15)))
    )
    (pad 1 smd rect (at 0 0 180) (size 5 7) (layers F.Cu F.Paste F.Mask)
      (net 7 "Net-(J3-Pad1)"))
    (model ${KIPRJMOD}/lib_fp/pl_Banana.pretty/banana_edge_mount.kicad_mod
      (at (xyz 0 0 0))
      (scale (xyz 1 1 1))
      (rotate (xyz 0 0 0))
    )
    (model ${KIPRJMOD}/3d_models/pl_Banana.3dshapes/banana_edge_mount.step
      (at (xyz 0 0 0))
      (scale (xyz 1 1 1))
      (rotate (xyz 0 0 0))
    )
  )

  (module pl_Banana:banana_edge_mount (layer F.Cu) (tedit 5FDBAFFC) (tstamp 5FFC07D9)
    (at 141.65 118.2 180)
    (path /5FFE39E8)
    (fp_text reference J4 (at 0 4.445) (layer F.SilkS)
      (effects (font (size 1 1) (thickness 0.15)))
    )
    (fp_text value -LOAD (at 0 -10.16) (layer F.Fab)
      (effects (font (size 1 1) (thickness 0.15)))
    )
    (fp_line (start -4.318 -3.556) (end 4.318 -3.556) (layer Dwgs.User) (width 0.12))
    (fp_line (start -5.715 -20.32) (end -5.715 -15.875) (layer Dwgs.User) (width 0.12))
    (fp_line (start 5.08 -20.955) (end -5.08 -20.955) (layer Dwgs.User) (width 0.12))
    (fp_line (start 5.715 -15.875) (end 5.715 -20.32) (layer Dwgs.User) (width 0.12))
    (fp_line (start -5.715 -15.875) (end 5.715 -15.875) (layer Dwgs.User) (width 0.12))
    (fp_line (start -4.445 -15.875) (end -4.445 -3.81) (layer Dwgs.User) (width 0.12))
    (fp_line (start 4.445 -15.875) (end -4.445 -15.875) (layer Dwgs.User) (width 0.12))
    (fp_line (start 4.445 -3.81) (end 4.445 -15.875) (layer Dwgs.User) (width 0.12))
    (fp_line (start -4.445 -3.81) (end 4.445 -3.81) (layer Dwgs.User) (width 0.12))
    (fp_text user "PCB EDGE" (at 0 -4.2164) (layer Dwgs.User)
      (effects (font (size 1 1) (thickness 0.15)))
    )
    (fp_arc (start 5.08 -20.32) (end 5.715 -20.32) (angle -90) (layer Dwgs.User) (width 0.12))
    (fp_arc (start -5.08 -20.32) (end -5.08 -20.955) (angle -90) (layer Dwgs.User) (width 0.12))
    (pad 1 smd rect (at 0 0 180) (size 5 7) (layers F.Cu F.Paste F.Mask)
      (net 2 GND))
    (model ${KIPRJMOD}/lib_fp/pl_Banana.pretty/banana_edge_mount.kicad_mod
      (at (xyz 0 0 0))
      (scale (xyz 1 1 1))
      (rotate (xyz 0 0 0))
    )
    (model ${KIPRJMOD}/3d_models/pl_Banana.3dshapes/banana_edge_mount.step
      (at (xyz 0 0 0))
      (scale (xyz 1 1 1))
      (rotate (xyz 0 0 0))
    )
  )

  (module pl_Banana:banana_edge_mount (layer F.Cu) (tedit 5FDBAFFC) (tstamp 5FFBABDB)
    (at 141.65 73.6)
    (path /60027C1B)
    (fp_text reference J5 (at 0 4.445) (layer F.SilkS)
      (effects (font (size 1 1) (thickness 0.15)))
    )
    (fp_text value Vout (at 0 -10.16) (layer F.Fab)
      (effects (font (size 1 1) (thickness 0.15)))
    )
    (fp_line (start -4.318 -3.556) (end 4.318 -3.556) (layer Dwgs.User) (width 0.12))
    (fp_line (start -5.715 -20.32) (end -5.715 -15.875) (layer Dwgs.User) (width 0.12))
    (fp_line (start 5.08 -20.955) (end -5.08 -20.955) (layer Dwgs.User) (width 0.12))
    (fp_line (start 5.715 -15.875) (end 5.715 -20.32) (layer Dwgs.User) (width 0.12))
    (fp_line (start -5.715 -15.875) (end 5.715 -15.875) (layer Dwgs.User) (width 0.12))
    (fp_line (start -4.445 -15.875) (end -4.445 -3.81) (layer Dwgs.User) (width 0.12))
    (fp_line (start 4.445 -15.875) (end -4.445 -15.875) (layer Dwgs.User) (width 0.12))
    (fp_line (start 4.445 -3.81) (end 4.445 -15.875) (layer Dwgs.User) (width 0.12))
    (fp_line (start -4.445 -3.81) (end 4.445 -3.81) (layer Dwgs.User) (width 0.12))
    (fp_text user "PCB EDGE" (at 0 -4.2164) (layer Dwgs.User)
      (effects (font (size 1 1) (thickness 0.15)))
    )
    (fp_arc (start 5.08 -20.32) (end 5.715 -20.32) (angle -90) (layer Dwgs.User) (width 0.12))
    (fp_arc (start -5.08 -20.32) (end -5.08 -20.955) (angle -90) (layer Dwgs.User) (width 0.12))
    (pad 1 smd rect (at 0 0) (size 5 7) (layers F.Cu F.Paste F.Mask)
      (net 8 "Net-(J5-Pad1)"))
    (model ${KIPRJMOD}/lib_fp/pl_Banana.pretty/banana_edge_mount.kicad_mod
      (at (xyz 0 0 0))
      (scale (xyz 1 1 1))
      (rotate (xyz 0 0 0))
    )
    (model ${KIPRJMOD}/3d_models/pl_Banana.3dshapes/banana_edge_mount.step
      (at (xyz 0 0 0))
      (scale (xyz 1 1 1))
      (rotate (xyz 0 0 0))
    )
  )

  (module pl_Banana:banana_edge_mount (layer F.Cu) (tedit 5FDBAFFC) (tstamp 5FFBFE40)
    (at 122.6 73.6)
    (path /60029009)
    (fp_text reference J6 (at 0 4.445) (layer F.SilkS)
      (effects (font (size 1 1) (thickness 0.15)))
    )
    (fp_text value GND (at 0 -10.16) (layer F.Fab)
      (effects (font (size 1 1) (thickness 0.15)))
    )
    (fp_line (start -4.445 -3.81) (end 4.445 -3.81) (layer Dwgs.User) (width 0.12))
    (fp_line (start 4.445 -3.81) (end 4.445 -15.875) (layer Dwgs.User) (width 0.12))
    (fp_line (start 4.445 -15.875) (end -4.445 -15.875) (layer Dwgs.User) (width 0.12))
    (fp_line (start -4.445 -15.875) (end -4.445 -3.81) (layer Dwgs.User) (width 0.12))
    (fp_line (start -5.715 -15.875) (end 5.715 -15.875) (layer Dwgs.User) (width 0.12))
    (fp_line (start 5.715 -15.875) (end 5.715 -20.32) (layer Dwgs.User) (width 0.12))
    (fp_line (start 5.08 -20.955) (end -5.08 -20.955) (layer Dwgs.User) (width 0.12))
    (fp_line (start -5.715 -20.32) (end -5.715 -15.875) (layer Dwgs.User) (width 0.12))
    (fp_line (start -4.318 -3.556) (end 4.318 -3.556) (layer Dwgs.User) (width 0.12))
    (fp_arc (start -5.08 -20.32) (end -5.08 -20.955) (angle -90) (layer Dwgs.User) (width 0.12))
    (fp_arc (start 5.08 -20.32) (end 5.715 -20.32) (angle -90) (layer Dwgs.User) (width 0.12))
    (fp_text user "PCB EDGE" (at 0 -4.2164) (layer Dwgs.User)
      (effects (font (size 1 1) (thickness 0.15)))
    )
    (pad 1 smd rect (at 0 0) (size 5 7) (layers F.Cu F.Paste F.Mask)
      (net 2 GND))
    (model ${KIPRJMOD}/lib_fp/pl_Banana.pretty/banana_edge_mount.kicad_mod
      (at (xyz 0 0 0))
      (scale (xyz 1 1 1))
      (rotate (xyz 0 0 0))
    )
    (model ${KIPRJMOD}/3d_models/pl_Banana.3dshapes/banana_edge_mount.step
      (at (xyz 0 0 0))
      (scale (xyz 1 1 1))
      (rotate (xyz 0 0 0))
    )
  )

  (module Resistor_THT:R_Axial_DIN0207_L6.3mm_D2.5mm_P10.16mm_Horizontal (layer B.Cu) (tedit 5AE5139B) (tstamp 5FFBAC1D)
    (at 123.9 102.95 90)
    (descr "Resistor, Axial_DIN0207 series, Axial, Horizontal, pin pitch=10.16mm, 0.25W = 1/4W, length*diameter=6.3*2.5mm^2, http://cdn-reichelt.de/documents/datenblatt/B400/1_4W%23YAG.pdf")
    (tags "Resistor Axial_DIN0207 series Axial Horizontal pin pitch 10.16mm 0.25W = 1/4W length 6.3mm diameter 2.5mm")
    (path /5FFCFBAF)
    (fp_text reference R1 (at 5.08 2.37 90) (layer B.SilkS)
      (effects (font (size 1 1) (thickness 0.15)) (justify mirror))
    )
    (fp_text value 10k (at 5.08 -2.37 90) (layer B.Fab)
      (effects (font (size 1 1) (thickness 0.15)) (justify mirror))
    )
    (fp_line (start 1.93 1.25) (end 1.93 -1.25) (layer B.Fab) (width 0.1))
    (fp_line (start 1.93 -1.25) (end 8.23 -1.25) (layer B.Fab) (width 0.1))
    (fp_line (start 8.23 -1.25) (end 8.23 1.25) (layer B.Fab) (width 0.1))
    (fp_line (start 8.23 1.25) (end 1.93 1.25) (layer B.Fab) (width 0.1))
    (fp_line (start 0 0) (end 1.93 0) (layer B.Fab) (width 0.1))
    (fp_line (start 10.16 0) (end 8.23 0) (layer B.Fab) (width 0.1))
    (fp_line (start 1.81 1.37) (end 1.81 -1.37) (layer B.SilkS) (width 0.12))
    (fp_line (start 1.81 -1.37) (end 8.35 -1.37) (layer B.SilkS) (width 0.12))
    (fp_line (start 8.35 -1.37) (end 8.35 1.37) (layer B.SilkS) (width 0.12))
    (fp_line (start 8.35 1.37) (end 1.81 1.37) (layer B.SilkS) (width 0.12))
    (fp_line (start 1.04 0) (end 1.81 0) (layer B.SilkS) (width 0.12))
    (fp_line (start 9.12 0) (end 8.35 0) (layer B.SilkS) (width 0.12))
    (fp_line (start -1.05 1.5) (end -1.05 -1.5) (layer B.CrtYd) (width 0.05))
    (fp_line (start -1.05 -1.5) (end 11.21 -1.5) (layer B.CrtYd) (width 0.05))
    (fp_line (start 11.21 -1.5) (end 11.21 1.5) (layer B.CrtYd) (width 0.05))
    (fp_line (start 11.21 1.5) (end -1.05 1.5) (layer B.CrtYd) (width 0.05))
    (fp_text user %R (at 5.08 0 90) (layer B.Fab)
      (effects (font (size 1 1) (thickness 0.15)) (justify mirror))
    )
    (pad 1 thru_hole circle (at 0 0 90) (size 1.6 1.6) (drill 0.8) (layers *.Cu *.Mask)
      (net 2 GND))
    (pad 2 thru_hole oval (at 10.16 0 90) (size 1.6 1.6) (drill 0.8) (layers *.Cu *.Mask)
      (net 9 "Net-(R1-Pad2)"))
    (model ${KISYS3DMOD}/Resistor_THT.3dshapes/R_Axial_DIN0207_L6.3mm_D2.5mm_P10.16mm_Horizontal.wrl
      (at (xyz 0 0 0))
      (scale (xyz 1 1 1))
      (rotate (xyz 0 0 0))
    )
  )

  (module Resistor_THT:R_Axial_DIN0207_L6.3mm_D2.5mm_P10.16mm_Horizontal (layer B.Cu) (tedit 5AE5139B) (tstamp 5FFBAC34)
    (at 129.9 102.95 90)
    (descr "Resistor, Axial_DIN0207 series, Axial, Horizontal, pin pitch=10.16mm, 0.25W = 1/4W, length*diameter=6.3*2.5mm^2, http://cdn-reichelt.de/documents/datenblatt/B400/1_4W%23YAG.pdf")
    (tags "Resistor Axial_DIN0207 series Axial Horizontal pin pitch 10.16mm 0.25W = 1/4W length 6.3mm diameter 2.5mm")
    (path /5FFCEADB)
    (fp_text reference R2 (at 5.08 2.37 90) (layer B.SilkS)
      (effects (font (size 1 1) (thickness 0.15)) (justify mirror))
    )
    (fp_text value R (at 5.08 -2.37 90) (layer B.Fab)
      (effects (font (size 1 1) (thickness 0.15)) (justify mirror))
    )
    (fp_line (start 11.21 1.5) (end -1.05 1.5) (layer B.CrtYd) (width 0.05))
    (fp_line (start 11.21 -1.5) (end 11.21 1.5) (layer B.CrtYd) (width 0.05))
    (fp_line (start -1.05 -1.5) (end 11.21 -1.5) (layer B.CrtYd) (width 0.05))
    (fp_line (start -1.05 1.5) (end -1.05 -1.5) (layer B.CrtYd) (width 0.05))
    (fp_line (start 9.12 0) (end 8.35 0) (layer B.SilkS) (width 0.12))
    (fp_line (start 1.04 0) (end 1.81 0) (layer B.SilkS) (width 0.12))
    (fp_line (start 8.35 1.37) (end 1.81 1.37) (layer B.SilkS) (width 0.12))
    (fp_line (start 8.35 -1.37) (end 8.35 1.37) (layer B.SilkS) (width 0.12))
    (fp_line (start 1.81 -1.37) (end 8.35 -1.37) (layer B.SilkS) (width 0.12))
    (fp_line (start 1.81 1.37) (end 1.81 -1.37) (layer B.SilkS) (width 0.12))
    (fp_line (start 10.16 0) (end 8.23 0) (layer B.Fab) (width 0.1))
    (fp_line (start 0 0) (end 1.93 0) (layer B.Fab) (width 0.1))
    (fp_line (start 8.23 1.25) (end 1.93 1.25) (layer B.Fab) (width 0.1))
    (fp_line (start 8.23 -1.25) (end 8.23 1.25) (layer B.Fab) (width 0.1))
    (fp_line (start 1.93 -1.25) (end 8.23 -1.25) (layer B.Fab) (width 0.1))
    (fp_line (start 1.93 1.25) (end 1.93 -1.25) (layer B.Fab) (width 0.1))
    (fp_text user %R (at 5.08 0 90) (layer B.Fab)
      (effects (font (size 1 1) (thickness 0.15)) (justify mirror))
    )
    (pad 2 thru_hole oval (at 10.16 0 90) (size 1.6 1.6) (drill 0.8) (layers *.Cu *.Mask)
      (net 9 "Net-(R1-Pad2)"))
    (pad 1 thru_hole circle (at 0 0 90) (size 1.6 1.6) (drill 0.8) (layers *.Cu *.Mask)
      (net 10 "Net-(R2-Pad1)"))
    (model ${KISYS3DMOD}/Resistor_THT.3dshapes/R_Axial_DIN0207_L6.3mm_D2.5mm_P10.16mm_Horizontal.wrl
      (at (xyz 0 0 0))
      (scale (xyz 1 1 1))
      (rotate (xyz 0 0 0))
    )
  )

  (module Resistor_THT:R_Axial_DIN0207_L6.3mm_D2.5mm_P10.16mm_Horizontal (layer B.Cu) (tedit 5AE5139B) (tstamp 5FFBAC4B)
    (at 135.9 92.8 270)
    (descr "Resistor, Axial_DIN0207 series, Axial, Horizontal, pin pitch=10.16mm, 0.25W = 1/4W, length*diameter=6.3*2.5mm^2, http://cdn-reichelt.de/documents/datenblatt/B400/1_4W%23YAG.pdf")
    (tags "Resistor Axial_DIN0207 series Axial Horizontal pin pitch 10.16mm 0.25W = 1/4W length 6.3mm diameter 2.5mm")
    (path /6003ABFA)
    (fp_text reference R3 (at 5.08 2.37 90) (layer B.SilkS)
      (effects (font (size 1 1) (thickness 0.15)) (justify mirror))
    )
    (fp_text value R (at 5.08 -2.37 90) (layer B.Fab)
      (effects (font (size 1 1) (thickness 0.15)) (justify mirror))
    )
    (fp_line (start 11.21 1.5) (end -1.05 1.5) (layer B.CrtYd) (width 0.05))
    (fp_line (start 11.21 -1.5) (end 11.21 1.5) (layer B.CrtYd) (width 0.05))
    (fp_line (start -1.05 -1.5) (end 11.21 -1.5) (layer B.CrtYd) (width 0.05))
    (fp_line (start -1.05 1.5) (end -1.05 -1.5) (layer B.CrtYd) (width 0.05))
    (fp_line (start 9.12 0) (end 8.35 0) (layer B.SilkS) (width 0.12))
    (fp_line (start 1.04 0) (end 1.81 0) (layer B.SilkS) (width 0.12))
    (fp_line (start 8.35 1.37) (end 1.81 1.37) (layer B.SilkS) (width 0.12))
    (fp_line (start 8.35 -1.37) (end 8.35 1.37) (layer B.SilkS) (width 0.12))
    (fp_line (start 1.81 -1.37) (end 8.35 -1.37) (layer B.SilkS) (width 0.12))
    (fp_line (start 1.81 1.37) (end 1.81 -1.37) (layer B.SilkS) (width 0.12))
    (fp_line (start 10.16 0) (end 8.23 0) (layer B.Fab) (width 0.1))
    (fp_line (start 0 0) (end 1.93 0) (layer B.Fab) (width 0.1))
    (fp_line (start 8.23 1.25) (end 1.93 1.25) (layer B.Fab) (width 0.1))
    (fp_line (start 8.23 -1.25) (end 8.23 1.25) (layer B.Fab) (width 0.1))
    (fp_line (start 1.93 -1.25) (end 8.23 -1.25) (layer B.Fab) (width 0.1))
    (fp_line (start 1.93 1.25) (end 1.93 -1.25) (layer B.Fab) (width 0.1))
    (fp_text user %R (at 5.08 0 90) (layer B.Fab)
      (effects (font (size 1 1) (thickness 0.15)) (justify mirror))
    )
    (pad 2 thru_hole oval (at 10.16 0 270) (size 1.6 1.6) (drill 0.8) (layers *.Cu *.Mask)
      (net 10 "Net-(R2-Pad1)"))
    (pad 1 thru_hole circle (at 0 0 270) (size 1.6 1.6) (drill 0.8) (layers *.Cu *.Mask)
      (net 11 "Net-(R3-Pad1)"))
    (model ${KISYS3DMOD}/Resistor_THT.3dshapes/R_Axial_DIN0207_L6.3mm_D2.5mm_P10.16mm_Horizontal.wrl
      (at (xyz 0 0 0))
      (scale (xyz 1 1 1))
      (rotate (xyz 0 0 0))
    )
  )

  (module Resistor_THT:R_Axial_DIN0207_L6.3mm_D2.5mm_P10.16mm_Horizontal (layer B.Cu) (tedit 5AE5139B) (tstamp 5FFBAC62)
    (at 99.7 78.6 270)
    (descr "Resistor, Axial_DIN0207 series, Axial, Horizontal, pin pitch=10.16mm, 0.25W = 1/4W, length*diameter=6.3*2.5mm^2, http://cdn-reichelt.de/documents/datenblatt/B400/1_4W%23YAG.pdf")
    (tags "Resistor Axial_DIN0207 series Axial Horizontal pin pitch 10.16mm 0.25W = 1/4W length 6.3mm diameter 2.5mm")
    (path /6010F619)
    (fp_text reference R5 (at 5.08 2.37 90) (layer B.SilkS)
      (effects (font (size 1 1) (thickness 0.15)) (justify mirror))
    )
    (fp_text value 10k (at 5.08 -2.37 90) (layer B.Fab)
      (effects (font (size 1 1) (thickness 0.15)) (justify mirror))
    )
    (fp_line (start 1.93 1.25) (end 1.93 -1.25) (layer B.Fab) (width 0.1))
    (fp_line (start 1.93 -1.25) (end 8.23 -1.25) (layer B.Fab) (width 0.1))
    (fp_line (start 8.23 -1.25) (end 8.23 1.25) (layer B.Fab) (width 0.1))
    (fp_line (start 8.23 1.25) (end 1.93 1.25) (layer B.Fab) (width 0.1))
    (fp_line (start 0 0) (end 1.93 0) (layer B.Fab) (width 0.1))
    (fp_line (start 10.16 0) (end 8.23 0) (layer B.Fab) (width 0.1))
    (fp_line (start 1.81 1.37) (end 1.81 -1.37) (layer B.SilkS) (width 0.12))
    (fp_line (start 1.81 -1.37) (end 8.35 -1.37) (layer B.SilkS) (width 0.12))
    (fp_line (start 8.35 -1.37) (end 8.35 1.37) (layer B.SilkS) (width 0.12))
    (fp_line (start 8.35 1.37) (end 1.81 1.37) (layer B.SilkS) (width 0.12))
    (fp_line (start 1.04 0) (end 1.81 0) (layer B.SilkS) (width 0.12))
